# key	a	b	extra
1	0x0	0x0	
88	0x0	0x0	
95	0x0	0x0	
101	0x0	0x0	
312	0x0	0x0	
540	0x0	0x0	
612	0x0	0x0	
655	0x0	0x0	
